beta = 0.176404 ± 0.001866
alpha = 3.753112 ± 0.244886
gamma = 6.525974 ± 0.238373
