beta = 0.117592 ± 0.000441
alpha = 2.250110 ± 0.216985
gamma = 4.149064 ± 0.220524
