beta = 0.125830 ± 0.000566
alpha = 2.413463 ± 0.205299
gamma = 4.057505 ± 0.199642
