beta = 0.114598 ± 0.000381
alpha = 2.159697 ± 0.206781
gamma = 3.993640 ± 0.211772
