beta = 0.250862 ± 0.003653
alpha = 3.247248 ± 0.388010
gamma = 6.460831 ± 0.365532
