beta = 0.116171 ± 0.000412
alpha = 2.207282 ± 0.212146
gamma = 4.075431 ± 0.216361
