beta = 0.125714 ± 0.000564
alpha = 2.409878 ± 0.204959
gamma = 4.051490 ± 0.199378
