beta = 0.105145 ± 0.000268
alpha = 1.638711 ± 0.271393
gamma = 3.444202 ± 0.247036
