beta = 0.114131 ± 0.001909
alpha = 0.346084 ± 0.031041
gamma = 1.506680 ± 0.159885
