beta = 0.105984 ± 0.000899
alpha = 0.379041 ± 0.025917
gamma = 1.391062 ± 0.077172
