beta = 0.099543 ± 0.001032
alpha = 0.353156 ± 0.022920
gamma = 1.193832 ± 0.060551
