beta = 0.111245 ± 0.001715
alpha = 0.371727 ± 0.029522
gamma = 1.481559 ± 0.110085
