beta = 0.095820 ± 0.001560
alpha = 0.321979 ± 0.029624
gamma = 1.205047 ± 0.106986
