beta = 0.137509 ± 0.005590
alpha = 0.376307 ± 0.047571
gamma = 1.985061 ± 0.297599
