beta = 0.065979 ± 0.002457
alpha = 0.294027 ± 0.041659
gamma = 1.175162 ± 0.152867
