beta = 0.105411 ± 0.001595
alpha = 0.290039 ± 0.031261
gamma = 1.185868 ± 0.095356
