beta = 0.110051 ± 0.003283
alpha = 0.381481 ± 0.036043
gamma = 1.537705 ± 0.236425
