beta = 0.140262 ± 0.006157
alpha = 0.470873 ± 0.057292
gamma = 1.073297 ± 0.983278
