beta = -0.096149 ± 0.010970
alpha = 0.132997 ± 0.041551
