beta = -0.126972 ± 0.007821
alpha = 0.167931 ± 0.050049
