beta = -0.123405 ± 0.003963
alpha = 0.289557 ± 0.062266
