beta = -0.019053 ± 0.002389
alpha = 0.052877 ± 0.035225
